,Cooperator,Alternator,TitForTat,TidemanAndChieruzzi,Nydegger,Grofman,Shubik,SteinAndRapoport,Grudger,Davis,RevisedDowning,Feld,Joss,Tullock,Random
Cooperator,"[0.0, 0.0, 100.0]","[0.0, 100.0, 0.0]","[0.0, 0.0, 100.0]","[0.0, 100.0, 0.0]","[0.0, 0.0, 100.0]","[0.0, 0.0, 100.0]","[0.0, 0.0, 100.0]","[0.0, 100.0, 0.0]","[0.0, 0.0, 100.0]","[0.0, 0.0, 100.0]","[0.0, 0.0, 100.0]","[0.0, 100.0, 0.0]","[0.0, 100.0, 0.0]","[0.0, 100.0, 0.0]","[0.0, 100.0, 0.0]"
Alternator,"[100.0, 0.0, 0.0]","[0.0, 0.0, 100.0]","[51.7, 0.0, 48.3]","[0.0, 100.0, 0.0]","[50.6, 0.0, 49.4]","[100.0, 0.0, 0.0]","[0.0, 100.0, 0.0]","[0.0, 100.0, 0.0]","[0.0, 100.0, 0.0]","[0.0, 100.0, 0.0]","[0.0, 100.0, 0.0]","[0.0, 100.0, 0.0]","[0.1, 99.8, 0.1]","[3.5999999999999996, 95.39999999999999, 1.0]","[44.3, 49.7, 6.0]"
TitForTat,"[0.0, 0.0, 100.0]","[0.0, 50.4, 49.6]","[0.0, 0.0, 100.0]","[0.0, 100.0, 0.0]","[0.0, 0.0, 100.0]","[0.0, 0.0, 100.0]","[0.0, 0.0, 100.0]","[0.0, 100.0, 0.0]","[0.0, 0.0, 100.0]","[0.0, 0.0, 100.0]","[0.0, 0.0, 100.0]","[0.0, 100.0, 0.0]","[0.0, 99.9, 0.1]","[0.0, 99.2, 0.8]","[0.0, 48.8, 51.2]"
TidemanAndChieruzzi,"[100.0, 0.0, 0.0]","[100.0, 0.0, 0.0]","[100.0, 0.0, 0.0]","[0.0, 0.0, 100.0]","[100.0, 0.0, 0.0]","[100.0, 0.0, 0.0]","[100.0, 0.0, 0.0]","[0.0, 0.0, 100.0]","[100.0, 0.0, 0.0]","[100.0, 0.0, 0.0]","[100.0, 0.0, 0.0]","[0.0, 13.600000000000001, 86.4]","[0.0, 19.2, 80.80000000000001]","[81.8, 1.0999999999999999, 17.1]","[100.0, 0.0, 0.0]"
Nydegger,"[0.0, 0.0, 100.0]","[0.0, 48.4, 51.6]","[0.0, 0.0, 100.0]","[0.0, 100.0, 0.0]","[0.0, 0.0, 100.0]","[0.0, 0.0, 100.0]","[0.0, 0.0, 100.0]","[0.0, 100.0, 0.0]","[0.0, 0.0, 100.0]","[0.0, 0.0, 100.0]","[0.0, 0.0, 100.0]","[0.0, 100.0, 0.0]","[0.0, 100.0, 0.0]","[0.0, 100.0, 0.0]","[0.0, 100.0, 0.0]"
Grofman,"[0.0, 0.0, 100.0]","[0.0, 100.0, 0.0]","[0.0, 0.0, 100.0]","[0.0, 100.0, 0.0]","[0.0, 0.0, 100.0]","[0.0, 0.0, 100.0]","[0.0, 0.0, 100.0]","[0.0, 100.0, 0.0]","[0.0, 0.0, 100.0]","[0.0, 0.0, 100.0]","[0.0, 0.0, 100.0]","[0.0, 100.0, 0.0]","[0.0, 100.0, 0.0]","[0.3, 99.4, 0.3]","[0.1, 99.9, 0.0]"
Shubik,"[0.0, 0.0, 100.0]","[100.0, 0.0, 0.0]","[0.0, 0.0, 100.0]","[0.0, 100.0, 0.0]","[0.0, 0.0, 100.0]","[0.0, 0.0, 100.0]","[0.0, 0.0, 100.0]","[0.0, 100.0, 0.0]","[0.0, 0.0, 100.0]","[0.0, 0.0, 100.0]","[0.0, 0.0, 100.0]","[0.0, 96.7, 3.3000000000000003]","[0.0, 83.7, 16.3]","[0.3, 99.3, 0.4]","[100.0, 0.0, 0.0]"
SteinAndRapoport,"[100.0, 0.0, 0.0]","[100.0, 0.0, 0.0]","[100.0, 0.0, 0.0]","[0.0, 0.0, 100.0]","[100.0, 0.0, 0.0]","[100.0, 0.0, 0.0]","[100.0, 0.0, 0.0]","[0.0, 0.0, 100.0]","[100.0, 0.0, 0.0]","[100.0, 0.0, 0.0]","[100.0, 0.0, 0.0]","[0.0, 87.0, 13.0]","[0.0, 72.7, 27.3]","[4.2, 89.7, 6.1]","[100.0, 0.0, 0.0]"
Grudger,"[0.0, 0.0, 100.0]","[100.0, 0.0, 0.0]","[0.0, 0.0, 100.0]","[0.0, 100.0, 0.0]","[0.0, 0.0, 100.0]","[0.0, 0.0, 100.0]","[0.0, 0.0, 100.0]","[0.0, 100.0, 0.0]","[0.0, 0.0, 100.0]","[0.0, 0.0, 100.0]","[0.0, 0.0, 100.0]","[0.0, 6.3, 93.7]","[0.0, 9.2, 90.8]","[99.3, 0.0, 0.7000000000000001]","[100.0, 0.0, 0.0]"
Davis,"[0.0, 0.0, 100.0]","[100.0, 0.0, 0.0]","[0.0, 0.0, 100.0]","[0.0, 100.0, 0.0]","[0.0, 0.0, 100.0]","[0.0, 0.0, 100.0]","[0.0, 0.0, 100.0]","[0.0, 100.0, 0.0]","[0.0, 0.0, 100.0]","[0.0, 0.0, 100.0]","[0.0, 0.0, 100.0]","[0.0, 7.7, 92.30000000000001]","[0.0, 30.7, 69.3]","[99.7, 0.0, 0.3]","[100.0, 0.0, 0.0]"
RevisedDowning,"[0.0, 0.0, 100.0]","[100.0, 0.0, 0.0]","[0.0, 0.0, 100.0]","[0.0, 100.0, 0.0]","[0.0, 0.0, 100.0]","[0.0, 0.0, 100.0]","[0.0, 0.0, 100.0]","[0.0, 100.0, 0.0]","[0.0, 0.0, 100.0]","[0.0, 0.0, 100.0]","[0.0, 0.0, 100.0]","[0.0, 99.8, 0.2]","[0.0, 91.5, 8.5]","[0.0, 100.0, 0.0]","[91.60000000000001, 8.4, 0.0]"
Feld,"[100.0, 0.0, 0.0]","[100.0, 0.0, 0.0]","[100.0, 0.0, 0.0]","[13.100000000000001, 0.0, 86.9]","[100.0, 0.0, 0.0]","[100.0, 0.0, 0.0]","[97.0, 0.0, 3.0]","[86.9, 0.0, 13.100000000000001]","[6.3, 0.0, 93.7]","[5.7, 0.0, 94.3]","[99.6, 0.0, 0.4]","[42.028985507246375, 42.028985507246375, 15.942028985507244]","[5.4, 57.199999999999996, 37.4]","[58.099999999999994, 15.2, 26.700000000000003]","[99.8, 0.1, 0.1]"
Joss,"[99.9, 0.0, 0.1]","[99.7, 0.0, 0.3]","[100.0, 0.0, 0.0]","[18.2, 0.0, 81.8]","[100.0, 0.0, 0.0]","[100.0, 0.0, 0.0]","[87.3, 0.0, 12.7]","[74.0, 0.0, 26.0]","[11.1, 0.0, 88.9]","[31.1, 0.0, 68.89999999999999]","[90.2, 0.0, 9.8]","[56.3, 4.9, 38.800000000000004]","[41.31455399061033, 41.31455399061033, 17.370892018779344]","[82.5, 3.2, 14.299999999999999]","[99.8, 0.0, 0.2]"
Tullock,"[100.0, 0.0, 0.0]","[96.1, 3.2, 0.7000000000000001]","[99.2, 0.0, 0.8]","[1.2, 83.0, 15.8]","[100.0, 0.0, 0.0]","[99.4, 0.2, 0.4]","[99.2, 0.3, 0.5]","[89.5, 4.5, 6.0]","[0.0, 99.2, 0.8]","[0.1, 99.2, 0.7000000000000001]","[100.0, 0.0, 0.0]","[15.6, 55.400000000000006, 28.999999999999996]","[2.8000000000000003, 83.39999999999999, 13.8]","[46.00431965442765, 46.00431965442765, 7.991360691144708]","[96.1, 3.3000000000000003, 0.6]"
Random,"[100.0, 0.0, 0.0]","[53.300000000000004, 41.3, 5.4]","[50.6, 0.0, 49.4]","[0.0, 100.0, 0.0]","[100.0, 0.0, 0.0]","[99.7, 0.3, 0.0]","[0.0, 100.0, 0.0]","[0.0, 100.0, 0.0]","[0.0, 100.0, 0.0]","[0.0, 100.0, 0.0]","[10.6, 89.4, 0.0]","[0.0, 99.9, 0.1]","[0.0, 99.8, 0.2]","[2.8000000000000003, 96.6, 0.6]","[48.92747701736466, 48.92747701736466, 2.1450459652706844]"
