,Cooperator,Alternator,TitForTat,TidemanAndChieruzzi,Nydegger,Grofman,Shubik,SteinAndRapoport,Grudger,Davis,RevisedDowning,Feld,Joss,Tullock,Random
Cooperator,"[0.0, 0.0, 100.0]","[0.0, 100.0, 0.0]","[0.0, 0.0, 100.0]","[0.0, 100.0, 0.0]","[0.0, 0.0, 100.0]","[0.0, 0.0, 100.0]","[0.0, 0.0, 100.0]","[0.0, 100.0, 0.0]","[0.0, 0.0, 100.0]","[0.0, 0.0, 100.0]","[0.0, 0.0, 100.0]","[0.0, 100.0, 0.0]","[0.0, 100.0, 0.0]","[0.0, 100.0, 0.0]","[0.0, 100.0, 0.0]"
Alternator,"[100.0, 0.0, 0.0]","[0.0, 0.0, 100.0]","[50.6, 0.0, 49.4]","[0.0, 100.0, 0.0]","[48.4, 0.0, 51.6]","[100.0, 0.0, 0.0]","[0.0, 100.0, 0.0]","[0.0, 100.0, 0.0]","[0.0, 100.0, 0.0]","[0.0, 100.0, 0.0]","[0.0, 100.0, 0.0]","[0.0, 100.0, 0.0]","[0.0, 100.0, 0.0]","[1.4000000000000001, 97.89999999999999, 0.7000000000000001]","[46.6, 47.8, 5.6000000000000005]"
TitForTat,"[0.0, 0.0, 100.0]","[0.0, 49.3, 50.7]","[0.0, 0.0, 100.0]","[0.0, 100.0, 0.0]","[0.0, 0.0, 100.0]","[0.0, 0.0, 100.0]","[0.0, 0.0, 100.0]","[0.0, 100.0, 0.0]","[0.0, 0.0, 100.0]","[0.0, 0.0, 100.0]","[0.0, 0.0, 100.0]","[0.0, 100.0, 0.0]","[0.0, 100.0, 0.0]","[0.0, 99.9, 0.1]","[0.0, 51.6, 48.4]"
TidemanAndChieruzzi,"[100.0, 0.0, 0.0]","[100.0, 0.0, 0.0]","[100.0, 0.0, 0.0]","[0.0, 0.0, 100.0]","[100.0, 0.0, 0.0]","[100.0, 0.0, 0.0]","[100.0, 0.0, 0.0]","[0.0, 0.0, 100.0]","[100.0, 0.0, 0.0]","[100.0, 0.0, 0.0]","[100.0, 0.0, 0.0]","[0.0, 11.600000000000001, 88.4]","[0.0, 17.9, 82.1]","[82.1, 0.8, 17.1]","[100.0, 0.0, 0.0]"
Nydegger,"[0.0, 0.0, 100.0]","[0.0, 52.6, 47.4]","[0.0, 0.0, 100.0]","[0.0, 100.0, 0.0]","[0.0, 0.0, 100.0]","[0.0, 0.0, 100.0]","[0.0, 0.0, 100.0]","[0.0, 100.0, 0.0]","[0.0, 0.0, 100.0]","[0.0, 0.0, 100.0]","[0.0, 0.0, 100.0]","[0.0, 100.0, 0.0]","[0.0, 100.0, 0.0]","[0.0, 100.0, 0.0]","[0.0, 100.0, 0.0]"
Grofman,"[0.0, 0.0, 100.0]","[0.0, 100.0, 0.0]","[0.0, 0.0, 100.0]","[0.0, 100.0, 0.0]","[0.0, 0.0, 100.0]","[0.0, 0.0, 100.0]","[0.0, 0.0, 100.0]","[0.0, 100.0, 0.0]","[0.0, 0.0, 100.0]","[0.0, 0.0, 100.0]","[0.0, 0.0, 100.0]","[0.0, 100.0, 0.0]","[0.0, 100.0, 0.0]","[0.1, 99.9, 0.0]","[0.1, 99.9, 0.0]"
Shubik,"[0.0, 0.0, 100.0]","[100.0, 0.0, 0.0]","[0.0, 0.0, 100.0]","[0.0, 100.0, 0.0]","[0.0, 0.0, 100.0]","[0.0, 0.0, 100.0]","[0.0, 0.0, 100.0]","[0.0, 100.0, 0.0]","[0.0, 0.0, 100.0]","[0.0, 0.0, 100.0]","[0.0, 0.0, 100.0]","[0.0, 98.3, 1.7000000000000002]","[0.0, 85.6, 14.399999999999999]","[0.0, 100.0, 0.0]","[100.0, 0.0, 0.0]"
SteinAndRapoport,"[100.0, 0.0, 0.0]","[100.0, 0.0, 0.0]","[100.0, 0.0, 0.0]","[0.0, 0.0, 100.0]","[100.0, 0.0, 0.0]","[100.0, 0.0, 0.0]","[100.0, 0.0, 0.0]","[0.0, 0.0, 100.0]","[100.0, 0.0, 0.0]","[100.0, 0.0, 0.0]","[100.0, 0.0, 0.0]","[0.0, 88.5, 11.5]","[0.0, 72.5, 27.500000000000004]","[2.7, 90.5, 6.800000000000001]","[100.0, 0.0, 0.0]"
Grudger,"[0.0, 0.0, 100.0]","[100.0, 0.0, 0.0]","[0.0, 0.0, 100.0]","[0.0, 100.0, 0.0]","[0.0, 0.0, 100.0]","[0.0, 0.0, 100.0]","[0.0, 0.0, 100.0]","[0.0, 100.0, 0.0]","[0.0, 0.0, 100.0]","[0.0, 0.0, 100.0]","[0.0, 0.0, 100.0]","[0.0, 6.7, 93.30000000000001]","[0.0, 11.899999999999999, 88.1]","[99.4, 0.2, 0.4]","[100.0, 0.0, 0.0]"
Davis,"[0.0, 0.0, 100.0]","[100.0, 0.0, 0.0]","[0.0, 0.0, 100.0]","[0.0, 100.0, 0.0]","[0.0, 0.0, 100.0]","[0.0, 0.0, 100.0]","[0.0, 0.0, 100.0]","[0.0, 100.0, 0.0]","[0.0, 0.0, 100.0]","[0.0, 0.0, 100.0]","[0.0, 0.0, 100.0]","[0.0, 8.6, 91.4]","[0.0, 34.4, 65.60000000000001]","[99.1, 0.0, 0.8999999999999999]","[100.0, 0.0, 0.0]"
RevisedDowning,"[0.0, 0.0, 100.0]","[100.0, 0.0, 0.0]","[0.0, 0.0, 100.0]","[0.0, 100.0, 0.0]","[0.0, 0.0, 100.0]","[0.0, 0.0, 100.0]","[0.0, 0.0, 100.0]","[0.0, 100.0, 0.0]","[0.0, 0.0, 100.0]","[0.0, 0.0, 100.0]","[0.0, 0.0, 100.0]","[0.0, 99.5, 0.5]","[0.0, 91.9, 8.1]","[0.0, 100.0, 0.0]","[89.8, 10.2, 0.0]"
Feld,"[100.0, 0.0, 0.0]","[100.0, 0.0, 0.0]","[100.0, 0.0, 0.0]","[10.9, 0.0, 89.1]","[100.0, 0.0, 0.0]","[100.0, 0.0, 0.0]","[98.2, 0.0, 1.7999999999999998]","[86.4, 0.0, 13.600000000000001]","[6.1, 0.0, 93.89999999999999]","[6.5, 0.0, 93.5]","[100.0, 0.0, 0.0]","[42.3963133640553, 42.3963133640553, 15.207373271889402]","[5.3, 58.3, 36.4]","[57.199999999999996, 15.299999999999999, 27.500000000000004]","[100.0, 0.0, 0.0]"
Joss,"[100.0, 0.0, 0.0]","[99.9, 0.0, 0.1]","[100.0, 0.0, 0.0]","[19.1, 0.0, 80.9]","[100.0, 0.0, 0.0]","[100.0, 0.0, 0.0]","[86.5, 0.0, 13.5]","[74.1, 0.0, 25.900000000000002]","[10.2, 0.0, 89.8]","[29.4, 0.0, 70.6]","[92.60000000000001, 0.0, 7.3999999999999995]","[58.8, 5.5, 35.699999999999996]","[42.32987312572088, 42.32987312572088, 15.340253748558247]","[83.8, 3.2, 13.0]","[100.0, 0.0, 0.0]"
Tullock,"[100.0, 0.0, 0.0]","[95.6, 3.5000000000000004, 0.8999999999999999]","[99.7, 0.0, 0.3]","[0.8999999999999999, 83.5, 15.6]","[100.0, 0.0, 0.0]","[99.7, 0.3, 0.0]","[99.8, 0.1, 0.1]","[91.7, 2.9000000000000004, 5.4]","[0.0, 99.1, 0.8999999999999999]","[0.0, 99.2, 0.8]","[100.0, 0.0, 0.0]","[15.1, 56.10000000000001, 28.799999999999997]","[2.4, 84.3, 13.3]","[46.00431965442765, 46.00431965442765, 7.991360691144708]","[97.7, 1.7000000000000002, 0.6]"
Random,"[100.0, 0.0, 0.0]","[51.2, 43.1, 5.7]","[48.4, 0.0, 51.6]","[0.0, 100.0, 0.0]","[100.0, 0.0, 0.0]","[99.8, 0.1, 0.1]","[0.0, 100.0, 0.0]","[0.0, 100.0, 0.0]","[0.0, 100.0, 0.0]","[0.0, 100.0, 0.0]","[9.6, 90.2, 0.2]","[0.0, 100.0, 0.0]","[0.0, 100.0, 0.0]","[2.6, 96.39999999999999, 1.0]","[48.90137966274911, 48.90137966274911, 2.1972406745017885]"
