,Cooperator,Alternator,TitForTat,TidemanAndChieruzzi,Nydegger,Grofman,Shubik,SteinAndRapoport,Grudger,Davis,RevisedDowning,Feld,Joss,Tullock,Random
Cooperator,"[0.0, 0.0, 100.0]","[0.0, 100.0, 0.0]","[0.0, 0.0, 100.0]","[0.0, 100.0, 0.0]","[0.0, 0.0, 100.0]","[0.0, 0.0, 100.0]","[0.0, 0.0, 100.0]","[0.0, 100.0, 0.0]","[0.0, 0.0, 100.0]","[0.0, 0.0, 100.0]","[0.0, 0.0, 100.0]","[0.0, 100.0, 0.0]","[0.0, 100.0, 0.0]","[0.0, 100.0, 0.0]","[0.0, 100.0, 0.0]"
Alternator,"[100.0, 0.0, 0.0]","[0.0, 0.0, 100.0]","[50.3, 0.0, 49.7]","[0.0, 100.0, 0.0]","[50.1, 0.0, 49.9]","[100.0, 0.0, 0.0]","[0.0, 100.0, 0.0]","[0.0, 100.0, 0.0]","[0.0, 100.0, 0.0]","[0.0, 100.0, 0.0]","[0.0, 100.0, 0.0]","[0.0, 100.0, 0.0]","[0.0, 100.0, 0.0]","[2.9000000000000004, 95.89999999999999, 1.2]","[45.800000000000004, 48.8, 5.4]"
TitForTat,"[0.0, 0.0, 100.0]","[0.0, 52.6, 47.4]","[0.0, 0.0, 100.0]","[0.0, 100.0, 0.0]","[0.0, 0.0, 100.0]","[0.0, 0.0, 100.0]","[0.0, 0.0, 100.0]","[0.0, 100.0, 0.0]","[0.0, 0.0, 100.0]","[0.0, 0.0, 100.0]","[0.0, 0.0, 100.0]","[0.0, 99.9, 0.1]","[0.0, 100.0, 0.0]","[0.0, 99.2, 0.8]","[0.0, 50.9, 49.1]"
TidemanAndChieruzzi,"[100.0, 0.0, 0.0]","[100.0, 0.0, 0.0]","[100.0, 0.0, 0.0]","[0.0, 0.0, 100.0]","[100.0, 0.0, 0.0]","[100.0, 0.0, 0.0]","[100.0, 0.0, 0.0]","[0.0, 0.0, 100.0]","[100.0, 0.0, 0.0]","[100.0, 0.0, 0.0]","[100.0, 0.0, 0.0]","[0.0, 12.5, 87.5]","[0.0, 18.5, 81.5]","[82.6, 1.0999999999999999, 16.3]","[100.0, 0.0, 0.0]"
Nydegger,"[0.0, 0.0, 100.0]","[0.0, 47.699999999999996, 52.300000000000004]","[0.0, 0.0, 100.0]","[0.0, 100.0, 0.0]","[0.0, 0.0, 100.0]","[0.0, 0.0, 100.0]","[0.0, 0.0, 100.0]","[0.0, 100.0, 0.0]","[0.0, 0.0, 100.0]","[0.0, 0.0, 100.0]","[0.0, 0.0, 100.0]","[0.0, 100.0, 0.0]","[0.0, 100.0, 0.0]","[0.0, 100.0, 0.0]","[0.0, 100.0, 0.0]"
Grofman,"[0.0, 0.0, 100.0]","[0.0, 100.0, 0.0]","[0.0, 0.0, 100.0]","[0.0, 100.0, 0.0]","[0.0, 0.0, 100.0]","[0.0, 0.0, 100.0]","[0.0, 0.0, 100.0]","[0.0, 100.0, 0.0]","[0.0, 0.0, 100.0]","[0.0, 0.0, 100.0]","[0.0, 0.0, 100.0]","[0.0, 100.0, 0.0]","[0.0, 100.0, 0.0]","[0.1, 99.6, 0.3]","[0.0, 100.0, 0.0]"
Shubik,"[0.0, 0.0, 100.0]","[100.0, 0.0, 0.0]","[0.0, 0.0, 100.0]","[0.0, 100.0, 0.0]","[0.0, 0.0, 100.0]","[0.0, 0.0, 100.0]","[0.0, 0.0, 100.0]","[0.0, 100.0, 0.0]","[0.0, 0.0, 100.0]","[0.0, 0.0, 100.0]","[0.0, 0.0, 100.0]","[0.0, 98.2, 1.7999999999999998]","[0.0, 87.0, 13.0]","[0.2, 99.6, 0.2]","[100.0, 0.0, 0.0]"
SteinAndRapoport,"[100.0, 0.0, 0.0]","[100.0, 0.0, 0.0]","[100.0, 0.0, 0.0]","[0.0, 0.0, 100.0]","[100.0, 0.0, 0.0]","[100.0, 0.0, 0.0]","[100.0, 0.0, 0.0]","[0.0, 0.0, 100.0]","[100.0, 0.0, 0.0]","[100.0, 0.0, 0.0]","[100.0, 0.0, 0.0]","[0.0, 87.0, 13.0]","[0.0, 71.2, 28.799999999999997]","[3.8, 89.9, 6.3]","[99.9, 0.1, 0.0]"
Grudger,"[0.0, 0.0, 100.0]","[100.0, 0.0, 0.0]","[0.0, 0.0, 100.0]","[0.0, 100.0, 0.0]","[0.0, 0.0, 100.0]","[0.0, 0.0, 100.0]","[0.0, 0.0, 100.0]","[0.0, 100.0, 0.0]","[0.0, 0.0, 100.0]","[0.0, 0.0, 100.0]","[0.0, 0.0, 100.0]","[0.0, 4.3999999999999995, 95.6]","[0.0, 8.9, 91.10000000000001]","[99.7, 0.0, 0.3]","[100.0, 0.0, 0.0]"
Davis,"[0.0, 0.0, 100.0]","[100.0, 0.0, 0.0]","[0.0, 0.0, 100.0]","[0.0, 100.0, 0.0]","[0.0, 0.0, 100.0]","[0.0, 0.0, 100.0]","[0.0, 0.0, 100.0]","[0.0, 100.0, 0.0]","[0.0, 0.0, 100.0]","[0.0, 0.0, 100.0]","[0.0, 0.0, 100.0]","[0.0, 7.000000000000001, 93.0]","[0.0, 31.6, 68.4]","[99.2, 0.2, 0.6]","[100.0, 0.0, 0.0]"
RevisedDowning,"[0.0, 0.0, 100.0]","[100.0, 0.0, 0.0]","[0.0, 0.0, 100.0]","[0.0, 100.0, 0.0]","[0.0, 0.0, 100.0]","[0.0, 0.0, 100.0]","[0.0, 0.0, 100.0]","[0.0, 100.0, 0.0]","[0.0, 0.0, 100.0]","[0.0, 0.0, 100.0]","[0.0, 0.0, 100.0]","[0.0, 99.7, 0.3]","[0.0, 90.5, 9.5]","[0.0, 100.0, 0.0]","[91.3, 8.6, 0.1]"
Feld,"[100.0, 0.0, 0.0]","[99.9, 0.0, 0.1]","[100.0, 0.0, 0.0]","[13.100000000000001, 0.0, 86.9]","[100.0, 0.0, 0.0]","[100.0, 0.0, 0.0]","[97.6, 0.0, 2.4]","[88.7, 0.0, 11.3]","[6.4, 0.0, 93.60000000000001]","[7.000000000000001, 0.0, 93.0]","[99.7, 0.0, 0.3]","[42.75901545506583, 42.75901545506583, 14.481969089868347]","[5.6000000000000005, 59.099999999999994, 35.3]","[56.3, 14.299999999999999, 29.4]","[100.0, 0.0, 0.0]"
Joss,"[100.0, 0.0, 0.0]","[99.9, 0.0, 0.1]","[100.0, 0.0, 0.0]","[19.6, 0.0, 80.4]","[100.0, 0.0, 0.0]","[100.0, 0.0, 0.0]","[85.39999999999999, 0.0, 14.6]","[74.2, 0.0, 25.8]","[9.3, 0.0, 90.7]","[31.900000000000002, 0.0, 68.10000000000001]","[93.89999999999999, 0.0, 6.1]","[59.0, 4.2, 36.8]","[42.096120440069484, 42.096120440069484, 15.807759119861032]","[83.6, 2.9000000000000004, 13.5]","[99.9, 0.0, 0.1]"
Tullock,"[100.0, 0.0, 0.0]","[95.5, 3.5000000000000004, 1.0]","[99.3, 0.0, 0.7000000000000001]","[1.0999999999999999, 80.60000000000001, 18.3]","[100.0, 0.0, 0.0]","[99.9, 0.0, 0.1]","[99.6, 0.3, 0.1]","[90.5, 3.5000000000000004, 6.0]","[0.0, 99.8, 0.2]","[0.1, 99.5, 0.4]","[100.0, 0.0, 0.0]","[16.5, 55.400000000000006, 28.1]","[3.2, 83.6, 13.200000000000001]","[46.20763851533082, 46.20763851533082, 7.584722969338353]","[96.1, 2.1, 1.7999999999999998]"
Random,"[100.0, 0.0, 0.0]","[49.1, 46.1, 4.8]","[52.1, 0.0, 47.9]","[0.0, 100.0, 0.0]","[100.0, 0.0, 0.0]","[99.8, 0.2, 0.0]","[0.0, 100.0, 0.0]","[0.0, 100.0, 0.0]","[0.0, 100.0, 0.0]","[0.0, 100.0, 0.0]","[9.2, 90.7, 0.1]","[0.0, 99.8, 0.2]","[0.0, 99.7, 0.3]","[2.9000000000000004, 96.2, 0.8999999999999999]","[48.6652977412731, 48.6652977412731, 2.6694045174537986]"
