,Cooperator,Alternator,TitForTat,TidemanAndChieruzzi,Nydegger,Grofman,Shubik,SteinAndRapoport,Grudger,Davis,RevisedDowning,Feld,Joss,Tullock,Random
Cooperator,"[0.0, 0.0, 100.0]","[0.0, 100.0, 0.0]","[0.0, 0.0, 100.0]","[0.0, 100.0, 0.0]","[0.0, 0.0, 100.0]","[0.0, 0.0, 100.0]","[0.0, 0.0, 100.0]","[0.0, 100.0, 0.0]","[0.0, 0.0, 100.0]","[0.0, 0.0, 100.0]","[0.0, 0.0, 100.0]","[0.0, 100.0, 0.0]","[0.0, 100.0, 0.0]","[0.0, 100.0, 0.0]","[0.0, 100.0, 0.0]"
Alternator,"[100.0, 0.0, 0.0]","[0.0, 0.0, 100.0]","[80.0, 0.0, 20.0]","[0.0, 100.0, 0.0]","[80.0, 0.0, 20.0]","[100.0, 0.0, 0.0]","[0.0, 100.0, 0.0]","[0.0, 100.0, 0.0]","[0.0, 100.0, 0.0]","[0.0, 100.0, 0.0]","[0.0, 100.0, 0.0]","[0.0, 99.3988321909114, 0.6011678090886011]","[0.20157400355420158, 97.77152235976061, 2.026903636685188]","[17.452896671250606, 75.69263941576646, 6.854463912982932]","[46.32300396817365, 44.72563172434569, 8.95136430748066]"
TitForTat,"[0.0, 0.0, 100.0]","[0.0, 80.0, 20.0]","[0.0, 0.0, 100.0]","[0.0, 100.0, 0.0]","[0.0, 0.0, 100.0]","[0.0, 0.0, 100.0]","[0.0, 0.0, 100.0]","[0.0, 100.0, 0.0]","[0.0, 0.0, 100.0]","[0.0, 0.0, 100.0]","[0.0, 0.0, 100.0]","[0.0, 100.0, 0.0]","[0.0, 99.60396039603961, 0.39603960396039606]","[0.0, 92.13145080270483, 7.868549197295181]","[0.0, 48.156483264377144, 51.84351673562285]"
TidemanAndChieruzzi,"[100.0, 0.0, 0.0]","[100.0, 0.0, 0.0]","[100.0, 0.0, 0.0]","[0.0, 0.0, 100.0]","[100.0, 0.0, 0.0]","[100.0, 0.0, 0.0]","[100.0, 0.0, 0.0]","[0.0, 0.0, 100.0]","[100.0, 0.0, 0.0]","[100.0, 0.0, 0.0]","[100.0, 0.0, 0.0]","[0.0, 12.234466476714053, 87.76553352328594]","[0.0, 20.232009403480713, 79.7679905965193]","[80.40535750063052, 1.4132024268876116, 18.181440072481884]","[100.0, 0.0, 0.0]"
Nydegger,"[0.0, 0.0, 100.0]","[0.0, 80.0, 20.0]","[0.0, 0.0, 100.0]","[0.0, 100.0, 0.0]","[0.0, 0.0, 100.0]","[0.0, 0.0, 100.0]","[0.0, 0.0, 100.0]","[0.0, 100.0, 0.0]","[0.0, 0.0, 100.0]","[0.0, 0.0, 100.0]","[0.0, 0.0, 100.0]","[0.0, 100.0, 0.0]","[0.0, 100.0, 0.0]","[0.0, 100.0, 0.0]","[0.0, 100.0, 0.0]"
Grofman,"[0.0, 0.0, 100.0]","[0.0, 100.0, 0.0]","[0.0, 0.0, 100.0]","[0.0, 100.0, 0.0]","[0.0, 0.0, 100.0]","[0.0, 0.0, 100.0]","[0.0, 0.0, 100.0]","[0.0, 100.0, 0.0]","[0.0, 0.0, 100.0]","[0.0, 0.0, 100.0]","[0.0, 0.0, 100.0]","[0.0, 100.0, 0.0]","[0.0, 100.0, 0.0]","[1.9061694119890895, 96.4786943103893, 1.6151362776216065]","[1.312650269551842, 98.48577572689395, 0.20157400355420158]"
Shubik,"[0.0, 0.0, 100.0]","[100.0, 0.0, 0.0]","[0.0, 0.0, 100.0]","[0.0, 100.0, 0.0]","[0.0, 0.0, 100.0]","[0.0, 0.0, 100.0]","[0.0, 0.0, 100.0]","[0.0, 100.0, 0.0]","[0.0, 0.0, 100.0]","[0.0, 0.0, 100.0]","[0.0, 0.0, 100.0]","[0.0, 81.15957156732739, 18.840428432672606]","[0.0, 73.00807529819294, 26.99192470180707]","[4.85489698796464, 91.92940711026795, 3.2156959017674054]","[100.0, 0.0, 0.0]"
SteinAndRapoport,"[100.0, 0.0, 0.0]","[100.0, 0.0, 0.0]","[100.0, 0.0, 0.0]","[0.0, 0.0, 100.0]","[100.0, 0.0, 0.0]","[100.0, 0.0, 0.0]","[100.0, 0.0, 0.0]","[0.0, 0.0, 100.0]","[100.0, 0.0, 0.0]","[100.0, 0.0, 0.0]","[100.0, 0.0, 0.0]","[0.0, 87.04352960734207, 12.956470392657934]","[0.0, 71.32033441302649, 28.679665586973517]","[10.162491734392908, 80.22325549733463, 9.61425276827244]","[99.3902521060384, 0.405660948757898, 0.20408694520369647]"
Grudger,"[0.0, 0.0, 100.0]","[100.0, 0.0, 0.0]","[0.0, 0.0, 100.0]","[0.0, 100.0, 0.0]","[0.0, 0.0, 100.0]","[0.0, 0.0, 100.0]","[0.0, 0.0, 100.0]","[0.0, 100.0, 0.0]","[0.0, 0.0, 100.0]","[0.0, 0.0, 100.0]","[0.0, 0.0, 100.0]","[0.0, 5.864051297060707, 94.13594870293929]","[0.0, 9.138330350020555, 90.86166964997945]","[99.491774948678, 0.10256410256410256, 0.405660948757898]","[100.0, 0.0, 0.0]"
Davis,"[0.0, 0.0, 100.0]","[100.0, 0.0, 0.0]","[0.0, 0.0, 100.0]","[0.0, 100.0, 0.0]","[0.0, 0.0, 100.0]","[0.0, 0.0, 100.0]","[0.0, 0.0, 100.0]","[0.0, 100.0, 0.0]","[0.0, 0.0, 100.0]","[0.0, 0.0, 100.0]","[0.0, 0.0, 100.0]","[0.0, 6.540923160005552, 93.45907683999445]","[0.0, 31.319981160897168, 68.68001883910283]","[98.88551068166973, 0.0, 1.1144893183302758]","[100.0, 0.0, 0.0]"
RevisedDowning,"[0.0, 0.0, 100.0]","[100.0, 0.0, 0.0]","[0.0, 0.0, 100.0]","[0.0, 100.0, 0.0]","[0.0, 0.0, 100.0]","[0.0, 0.0, 100.0]","[0.0, 0.0, 100.0]","[0.0, 100.0, 0.0]","[0.0, 0.0, 100.0]","[0.0, 0.0, 100.0]","[0.0, 0.0, 100.0]","[0.0, 99.79939668174963, 0.20060331825037708]","[0.0, 91.0565736317298, 8.943426368270197]","[0.0, 100.0, 0.0]","[87.59190972270389, 12.202962072167892, 0.20512820512820512]"
Feld,"[100.0, 0.0, 0.0]","[99.49281620860252, 0.10152284263959391, 0.405660948757898]","[99.59642157109111, 0.0, 0.40357842890888074]","[12.631928868059648, 0.0, 87.36807113194035]","[100.0, 0.0, 0.0]","[100.0, 0.0, 0.0]","[81.13799536693914, 0.0, 18.86200463306087]","[87.9238000286695, 0.0, 12.076199971330482]","[5.949948266756299, 0.0, 94.05005173324369]","[7.838487820116738, 0.0, 92.16151217988326]","[99.69891509903454, 0.0, 0.3010849009654623]","[42.662121679292895, 42.662121679292895, 14.675756641414202]","[4.308460896391681, 58.89503673935853, 36.7965023642498]","[51.38040637791413, 16.01131627277159, 32.60827734931428]","[99.19675719093604, 0.0, 0.8032428090639645]"
Joss,"[100.0, 0.0, 0.0]","[96.9623535567145, 0.40314800710840315, 2.6344984361770813]","[99.29723877365112, 0.0, 0.7027612263488793]","[19.257182407952993, 0.0, 80.742817592047]","[100.0, 0.0, 0.0]","[100.0, 0.0, 0.0]","[74.20363105286341, 0.0, 25.796368947136575]","[73.38462918115778, 0.0, 26.61537081884223]","[10.544204690354421, 0.0, 89.45579530964558]","[28.503197651919447, 0.0, 71.49680234808054]","[90.30799196556079, 0.0, 9.692008034439201]","[58.30450022745343, 5.74317592312324, 35.95232384942332]","[42.62711713689725, 42.62711713689725, 14.745765726205505]","[84.10461076656395, 2.613056410953818, 13.282332822482237]","[97.27831234325859, 0.5062131060936674, 2.2154745506477513]"
Tullock,"[99.89847715736042, 0.0, 0.10152284263959391]","[75.31340809391595, 16.94319993820362, 7.743391967880436]","[91.35251583361703, 0.0, 8.647484166382966]","[0.6107891538861032, 84.35373053578871, 15.03548031032517]","[100.0, 0.0, 0.0]","[94.96202767025446, 2.5210843384910415, 2.5168879912545083]","[89.39973472736024, 5.862008044293875, 4.7382572283458915]","[80.73086273645625, 8.767960426058455, 10.501176837485298]","[0.10256410256410256, 99.08855636694892, 0.8088795304869854]","[0.0, 99.28761742885362, 0.7123825711463813]","[100.0, 0.0, 0.0]","[15.1066917703094, 54.67823430940839, 30.215073920282215]","[2.602792920493786, 81.79263228249921, 15.604574797006999]","[46.814915210792996, 46.814915210792996, 6.370169578414017]","[72.68878896755697, 19.254090921185284, 8.057120111257744]"
Random,"[100.0, 0.0, 0.0]","[47.3917757143103, 45.63981397106107, 6.968410314628633]","[50.47789668830677, 0.0, 49.52210331169323]","[0.0, 100.0, 0.0]","[100.0, 0.0, 0.0]","[97.99572079770397, 0.9968788734077026, 1.007400328888345]","[0.0, 100.0, 0.0]","[0.10256410256410256, 99.7959130547963, 0.10152284263959391]","[0.0, 100.0, 0.0]","[0.0, 100.0, 0.0]","[12.503655818415066, 87.20028516391847, 0.2960590176664725]","[0.0, 99.59635099647043, 0.4036490035295649]","[0.20512820512820512, 97.06484708465794, 2.7300247102138604]","[21.180904129873674, 72.58920749552503, 6.229888374601294]","[48.65529487548086, 48.65529487548086, 2.6894102490382723]"
