,Cooperator,Alternator,TitForTat,TidemanAndChieruzzi,Nydegger,Grofman,Shubik,SteinAndRapoport,Grudger,Davis,RevisedDowning,Feld,Joss,Tullock,Random
Cooperator,"[0.0, 0.0, 100.0]","[0.0, 100.0, 0.0]","[0.0, 0.0, 100.0]","[0.0, 100.0, 0.0]","[0.0, 0.0, 100.0]","[0.0, 0.0, 100.0]","[0.0, 0.0, 100.0]","[0.0, 100.0, 0.0]","[0.0, 0.0, 100.0]","[0.0, 0.0, 100.0]","[0.0, 0.0, 100.0]","[0.0, 100.0, 0.0]","[0.0, 100.0, 0.0]","[0.0, 100.0, 0.0]","[0.0, 100.0, 0.0]"
Alternator,"[100.0, 0.0, 0.0]","[0.0, 0.0, 100.0]","[49.6, 0.0, 50.4]","[0.0, 100.0, 0.0]","[50.1, 0.0, 49.9]","[100.0, 0.0, 0.0]","[0.0, 100.0, 0.0]","[0.0, 100.0, 0.0]","[0.0, 100.0, 0.0]","[0.0, 100.0, 0.0]","[0.0, 100.0, 0.0]","[0.0, 100.0, 0.0]","[0.0, 99.9, 0.1]","[1.6, 97.8, 0.6]","[46.2, 47.9, 5.8999999999999995]"
TitForTat,"[0.0, 0.0, 100.0]","[0.0, 52.900000000000006, 47.099999999999994]","[0.0, 0.0, 100.0]","[0.0, 100.0, 0.0]","[0.0, 0.0, 100.0]","[0.0, 0.0, 100.0]","[0.0, 0.0, 100.0]","[0.0, 100.0, 0.0]","[0.0, 0.0, 100.0]","[0.0, 0.0, 100.0]","[0.0, 0.0, 100.0]","[0.0, 100.0, 0.0]","[0.0, 100.0, 0.0]","[0.0, 99.4, 0.6]","[0.0, 50.6, 49.4]"
TidemanAndChieruzzi,"[100.0, 0.0, 0.0]","[100.0, 0.0, 0.0]","[100.0, 0.0, 0.0]","[0.0, 0.0, 100.0]","[100.0, 0.0, 0.0]","[100.0, 0.0, 0.0]","[100.0, 0.0, 0.0]","[0.0, 0.0, 100.0]","[100.0, 0.0, 0.0]","[100.0, 0.0, 0.0]","[100.0, 0.0, 0.0]","[0.0, 13.5, 86.5]","[0.0, 20.5, 79.5]","[82.5, 1.0999999999999999, 16.400000000000002]","[100.0, 0.0, 0.0]"
Nydegger,"[0.0, 0.0, 100.0]","[0.0, 49.5, 50.5]","[0.0, 0.0, 100.0]","[0.0, 100.0, 0.0]","[0.0, 0.0, 100.0]","[0.0, 0.0, 100.0]","[0.0, 0.0, 100.0]","[0.0, 100.0, 0.0]","[0.0, 0.0, 100.0]","[0.0, 0.0, 100.0]","[0.0, 0.0, 100.0]","[0.0, 100.0, 0.0]","[0.0, 100.0, 0.0]","[0.0, 100.0, 0.0]","[0.0, 100.0, 0.0]"
Grofman,"[0.0, 0.0, 100.0]","[0.0, 100.0, 0.0]","[0.0, 0.0, 100.0]","[0.0, 100.0, 0.0]","[0.0, 0.0, 100.0]","[0.0, 0.0, 100.0]","[0.0, 0.0, 100.0]","[0.0, 100.0, 0.0]","[0.0, 0.0, 100.0]","[0.0, 0.0, 100.0]","[0.0, 0.0, 100.0]","[0.0, 100.0, 0.0]","[0.0, 100.0, 0.0]","[0.1, 99.4, 0.5]","[0.1, 99.9, 0.0]"
Shubik,"[0.0, 0.0, 100.0]","[100.0, 0.0, 0.0]","[0.0, 0.0, 100.0]","[0.0, 100.0, 0.0]","[0.0, 0.0, 100.0]","[0.0, 0.0, 100.0]","[0.0, 0.0, 100.0]","[0.0, 100.0, 0.0]","[0.0, 0.0, 100.0]","[0.0, 0.0, 100.0]","[0.0, 0.0, 100.0]","[0.0, 97.8, 2.1999999999999997]","[0.0, 85.6, 14.399999999999999]","[0.2, 99.8, 0.0]","[100.0, 0.0, 0.0]"
SteinAndRapoport,"[100.0, 0.0, 0.0]","[100.0, 0.0, 0.0]","[100.0, 0.0, 0.0]","[0.0, 0.0, 100.0]","[100.0, 0.0, 0.0]","[100.0, 0.0, 0.0]","[100.0, 0.0, 0.0]","[0.0, 0.0, 100.0]","[100.0, 0.0, 0.0]","[100.0, 0.0, 0.0]","[100.0, 0.0, 0.0]","[0.0, 87.3, 12.7]","[0.0, 71.39999999999999, 28.599999999999998]","[3.5000000000000004, 90.3, 6.2]","[99.7, 0.1, 0.2]"
Grudger,"[0.0, 0.0, 100.0]","[100.0, 0.0, 0.0]","[0.0, 0.0, 100.0]","[0.0, 100.0, 0.0]","[0.0, 0.0, 100.0]","[0.0, 0.0, 100.0]","[0.0, 0.0, 100.0]","[0.0, 100.0, 0.0]","[0.0, 0.0, 100.0]","[0.0, 0.0, 100.0]","[0.0, 0.0, 100.0]","[0.0, 5.3, 94.69999999999999]","[0.0, 9.3, 90.7]","[99.5, 0.0, 0.5]","[100.0, 0.0, 0.0]"
Davis,"[0.0, 0.0, 100.0]","[100.0, 0.0, 0.0]","[0.0, 0.0, 100.0]","[0.0, 100.0, 0.0]","[0.0, 0.0, 100.0]","[0.0, 0.0, 100.0]","[0.0, 0.0, 100.0]","[0.0, 100.0, 0.0]","[0.0, 0.0, 100.0]","[0.0, 0.0, 100.0]","[0.0, 0.0, 100.0]","[0.0, 6.1, 93.89999999999999]","[0.0, 31.1, 68.89999999999999]","[99.3, 0.0, 0.7000000000000001]","[100.0, 0.0, 0.0]"
RevisedDowning,"[0.0, 0.0, 100.0]","[100.0, 0.0, 0.0]","[0.0, 0.0, 100.0]","[0.0, 100.0, 0.0]","[0.0, 0.0, 100.0]","[0.0, 0.0, 100.0]","[0.0, 0.0, 100.0]","[0.0, 100.0, 0.0]","[0.0, 0.0, 100.0]","[0.0, 0.0, 100.0]","[0.0, 0.0, 100.0]","[0.0, 99.8, 0.2]","[0.0, 91.5, 8.5]","[0.0, 100.0, 0.0]","[89.5, 10.5, 0.0]"
Feld,"[100.0, 0.0, 0.0]","[99.9, 0.0, 0.1]","[99.9, 0.0, 0.1]","[11.799999999999999, 0.0, 88.2]","[100.0, 0.0, 0.0]","[100.0, 0.0, 0.0]","[97.6, 0.0, 2.4]","[86.2, 0.0, 13.8]","[6.6000000000000005, 0.0, 93.4]","[7.000000000000001, 0.0, 93.0]","[99.6, 0.0, 0.4]","[41.79278230500582, 41.79278230500582, 16.41443538998836]","[5.3, 58.3, 36.4]","[54.6, 15.4, 30.0]","[100.0, 0.0, 0.0]"
Joss,"[100.0, 0.0, 0.0]","[99.8, 0.0, 0.2]","[99.9, 0.0, 0.1]","[16.5, 0.0, 83.5]","[100.0, 0.0, 0.0]","[100.0, 0.0, 0.0]","[84.6, 0.0, 15.4]","[71.89999999999999, 0.0, 28.1]","[9.1, 0.0, 90.9]","[29.799999999999997, 0.0, 70.19999999999999]","[90.0, 0.0, 10.0]","[56.39999999999999, 5.0, 38.6]","[41.451990632318505, 41.451990632318505, 17.096018735362996]","[83.7, 2.5, 13.8]","[99.7, 0.1, 0.2]"
Tullock,"[100.0, 0.0, 0.0]","[96.2, 2.5, 1.3]","[99.5, 0.0, 0.5]","[0.5, 83.0, 16.5]","[100.0, 0.0, 0.0]","[99.9, 0.1, 0.0]","[99.8, 0.2, 0.0]","[90.10000000000001, 3.8, 6.1]","[0.0, 98.8, 1.2]","[0.0, 99.5, 0.5]","[100.0, 0.0, 0.0]","[15.0, 57.199999999999996, 27.800000000000004]","[2.1, 83.89999999999999, 14.000000000000002]","[46.178686759956946, 46.178686759956946, 7.642626480086114]","[96.3, 2.8000000000000003, 0.8999999999999999]"
Random,"[100.0, 0.0, 0.0]","[49.2, 43.4, 7.3999999999999995]","[47.699999999999996, 0.0, 52.300000000000004]","[0.0, 100.0, 0.0]","[100.0, 0.0, 0.0]","[99.9, 0.1, 0.0]","[0.0, 100.0, 0.0]","[0.1, 99.8, 0.1]","[0.0, 100.0, 0.0]","[0.0, 100.0, 0.0]","[8.799999999999999, 91.2, 0.0]","[0.0, 100.0, 0.0]","[0.0, 99.9, 0.1]","[2.9000000000000004, 96.0, 1.0999999999999999]","[48.875255623721884, 48.875255623721884, 2.2494887525562373]"
